04 200 2.7313 3.8047 5.5938 8.3363 11.8938 5.5943
04 300 2.6865 3.6679 5.2500 7.6356 10.6614 5.2604
04 400 1.8995 2.6345 3.8594 5.7516 8.1593 3.8606
04 350 2.4272 3.2865 4.6719 6.7017 9.3108 4.6714
04 400 1.8845 2.6251 3.8594 5.7208 8.1409 3.8480
04 500 1.5564 2.1681 3.1875 4.7249 6.6848 3.1878
04 500 1.5612 2.1652 3.1719 4.7017 6.6521 3.1800
04 600 1.2741 1.7748 2.6094 3.8991 5.5859 2.6111
04 600 1.2779 1.7801 2.6172 3.9108 5.6026 2.6163
04 700 0.9305 1.3118 1.9688 3.0125 4.4182 1.9676
04 700 0.9342 1.3170 1.9766 3.0244 4.4241 1.9750
