0.4  200   5.702088   7.943006  11.678079  17.403549  24.830480  11.679123
0.4  300   5.520962   7.537813  10.789149  15.691739  21.909988  10.810522
0.4  350   6.606424   8.945291  12.716113  18.240882  25.342406  12.714752
0.4  400   7.781647  10.792708  15.810733  23.562474  33.426055  15.815649
0.4  400   7.720197  10.754199  15.810733  23.436297  33.350676  15.764031
0.4  500  10.711631  14.921542  21.937371  32.518238  46.006882  21.939436
0.4  500  10.744666  14.901583  21.830007  32.358568  45.781831  21.885754
0.4  600  19.022096  26.497462  38.957898  58.212899  83.396536  38.983279
0.4  600  19.078830  26.576590  39.074351  58.387578  83.645864  39.060914
0.4  700  20.053879  28.271552  42.431034  64.924569  95.219828  42.405172
0.4  700  20.133621  28.383621  42.599138  65.181034  95.346983  42.564655