PID     Mass        rhotu    rhotc    rhott         cross_section        Err_cross_section
a0      200          0.0      0.1      0.0           2.712e-04                3.186e-05
a0      200          0.0      0.4      0.0           4.790e-03                5.105e-04
a0      200          0.0      0.8      0.0           1.896e-02                2.308e-03
a0      200          0.0      1.0      0.0           3.186e-02                3.947e-03
a0      200          0.1      0.0      0.0           2.043e-03                2.856e-04
a0      200          0.4      0.0      0.0           3.625e-02                4.689e-03
a0      200          0.8      0.0      0.0           1.904e-01                2.366e-02
a0      200          1.0      0.0      0.0           3.698e-01                4.598e-02
a0      300          0.0      0.8      0.0           2.319e-02                2.554e-03
a0      300          0.0      0.1      0.0           2.633e-04                3.623e-05
a0      300          0.0      0.4      0.0           4.866e-03                5.918e-04
s0      350          0.8      0.0      0.0           1.890e-01                2.050e-02
a0      300          0.0      1.0      0.0           3.105e-02                3.927e-03
a0      300          0.8      0.0      0.0           2.283e-01                2.699e-02
a0      300          0.1      0.0      0.0           2.795e-03                3.411e-04
a0      300          0.4      0.0      0.0           3.991e-02                5.900e-03
a0      300          1.0      0.0      0.0           3.484e-01                4.613e-02
a0      350          0.0      0.1      0.0           2.101e-04                2.773e-05
a0      350          0.0      0.4      0.0           3.674e-03                4.558e-04
a0      350          0.0      0.8      0.0           1.341e-02                1.770e-03
a0      350          0.0      1.0      0.0           2.447e-02                2.859e-03
a0      350          0.1      0.0      0.0           2.742e-03                2.768e-04
a0      350          0.4      0.0      0.0           3.649e-02                4.456e-03
a0      350          0.8      0.0      0.0           1.845e-01                2.079e-02
a0      350          1.0      0.0      0.0           2.592e-01                3.370e-02
s0      400          0.0      1.0      0.0           1.299e-02                2.047e-03
s0      400          0.0      0.8      0.0           9.202e-03                1.267e-03
s0      400          0.0      0.1      0.0           1.602e-04                1.985e-05
a0      400          0.0      0.1      0.0           1.568e-04                2.024e-05
a0      400          0.4      0.0      0.0           2.743e-02                3.566e-03
a0      400          0.0      0.8      0.0           9.325e-03                1.284e-03
s0      400          0.0      0.4      0.0           2.288e-03                3.286e-04
s0      350          1.0      0.0      0.0           2.823e-01                3.590e-02
s0      350          0.4      0.0      0.0           3.287e-02                4.269e-03
s0      350          0.1      0.0      0.0           1.970e-03                2.514e-04
a0      400          0.0      0.4      0.0           2.441e-03                3.219e-04
a0      400          0.1      0.0      0.0           1.663e-03                2.170e-04
a0      400          0.0      1.0      0.0           1.591e-02                2.099e-03
s0      350          0.0      1.0      0.0           2.354e-02                2.919e-03
s0      350          0.0      0.4      0.0           3.468e-03                4.484e-04
s0      300          1.0      0.0      0.0           4.656e-01                4.860e-02
s0      300          0.8      0.0      0.0           2.308e-01                2.778e-02
s0      350          0.0      0.1      0.0           2.695e-04                2.857e-05
s0      300          0.0      0.4      0.0           4.421e-03                5.836e-04
s0      200          0.8      0.0      0.0           2.659e-01                2.656e-02
s0      200          0.0      0.4      0.0           4.040e-03                5.032e-04
s0      200          0.0      0.1      0.0           2.338e-04                3.099e-05
a0      500          0.0      0.8      0.0           6.101e-03                7.400e-04
a0      700          1.0      0.0      0.0           6.658e-02                7.983e-03
s0      600          0.0      0.1      0.0           3.676e-05                5.793e-06
s0      400          0.4      0.0      0.0           2.609e-02                3.534e-03
s0      400          0.1      0.0      0.0           1.315e-03                1.994e-04
a0      700          0.1      0.0      0.0           4.158e-04                5.298e-05
s0      300          0.1      0.0      0.0           3.337e-03                3.550e-04
a0      500          0.0      0.4      0.0           1.453e-03                1.800e-04
a0      500          0.0      1.0      0.0           7.720e-03                1.086e-03
s0      300          0.0      0.8      0.0           2.022e-02                2.460e-03
s0      300          0.0      1.0      0.0           4.135e-02                4.203e-03
s0      200          0.0      1.0      0.0           3.413e-02                3.905e-03
a0      600          0.0      0.1      0.0           4.475e-05                6.153e-06
a0      400          0.8      0.0      0.0           1.687e-01                1.657e-02
a0      500          0.0      0.1      0.0           7.746e-05                1.066e-05
a0      500          0.8      0.0      0.0           6.306e-02                9.506e-03
a0      500          0.1      0.0      0.0           9.412e-04                1.299e-04
a0      500          1.0      0.0      0.0           1.199e-01                1.656e-02
a0      500          0.4      0.0      0.0           1.201e-02                1.901e-03
a0      400          1.0      0.0      0.0           2.907e-01                2.804e-02
s0      600          0.0      0.4      0.0           7.525e-04                1.012e-04
s0      200          0.4      0.0      0.0           4.334e-02                4.871e-03
s0      300          0.4      0.0      0.0           4.025e-02                5.950e-03
s0      200          0.0      0.8      0.0           2.043e-02                2.342e-03
s0      300          0.0      0.1      0.0           2.848e-04                3.605e-05
s0      600          0.0      0.8      0.0           3.227e-03                4.261e-04
s0      200          1.0      0.0      0.0           3.904e-01                4.489e-02
s0      100          0.0      0.4      0.0           1.030e-04                1.513e-05
s0      500          0.0      0.8      0.0           4.955e-03                7.284e-04
s0      700          1.0      0.0      0.0           5.702e-02                7.725e-03
s0      600          0.0      1.0      0.0           5.353e-03                6.768e-04
s0      400          0.8      0.0      0.0           1.018e-01                1.468e-02
a0      700          0.0      0.8      0.0           1.610e-03                2.368e-04
a0      600          0.0      0.4      0.0           6.698e-04                9.621e-05
a0      700          0.0      0.4      0.0           4.640e-04                5.871e-05
a0      600          0.0      0.8      0.0           2.750e-03                4.042e-04
a0      600          0.1      0.0      0.0           6.026e-04                8.327e-05
a0      600          0.0      1.0      0.0           4.480e-03                6.582e-04
a0      700          0.0      0.1      0.0           2.230e-05                3.431e-06
a0      600          1.0      0.0      0.0           7.277e-02                1.026e-02
a0      600          0.4      0.0      0.0           7.906e-03                1.249e-03
a0      600          0.8      0.0      0.0           4.101e-02                5.923e-03
s0      350          0.0      0.8      0.0           1.379e-02                1.782e-03
s0      200          0.1      0.0      0.0           2.250e-03                2.902e-04
s0      500          0.0      0.1      0.0           6.756e-05                1.040e-05
s0      500          0.8      0.0      0.0           6.560e-02                9.459e-03
a0      800          0.0      0.4      0.0           2.268e-04                3.574e-05
s0      500          0.4      0.0      0.0           1.740e-02                2.088e-03
s0      500          0.1      0.0      0.0           9.176e-04                1.267e-04
a0      700          0.8      0.0      0.0           3.282e-02                4.255e-03
s0      500          1.0      0.0      0.0           1.227e-01                1.660e-02
a0      700          0.0      1.0      0.0           3.237e-03                4.009e-04
a0      700          0.4      0.0      0.0           6.228e-03                8.642e-04
s0      500          0.0      1.0      0.0           1.059e-02                1.165e-03
s0      400          1.0      0.0      0.0           2.706e-01                2.715e-02
s0      500          0.0      0.4      0.0           1.297e-03                1.783e-04
a0      900          0.0      0.4      0.0           1.880e-04                2.376e-05
s0      700          0.1      0.0      0.0           2.770e-04                4.723e-05
s0      700          0.8      0.0      0.0           3.088e-02                4.087e-03
s0      600          0.1      0.0      0.0           4.966e-04                7.677e-05
s0      700          0.0      0.8      0.0           1.783e-03                2.454e-04
s0      600          0.8      0.0      0.0           5.711e-02                6.572e-03
s0      600          1.0      0.0      0.0           8.863e-02                1.123e-02
s0      600          0.4      0.0      0.0           8.251e-03                1.303e-03
s0      700          0.0      0.4      0.0           4.038e-04                5.679e-05
s0      800          0.0      0.4      0.0           2.360e-04                3.548e-05
s0      700          0.0      1.0      0.0           2.823e-03                4.143e-04
s0      700          0.0      0.1      0.0           2.703e-05                3.715e-06
s0      700          0.4      0.0      0.0           5.630e-03                8.167e-04
s0      900          0.0      0.4      0.0           1.416e-04                2.230e-05
